-2.868857933208346367e-03
-2.868857933208346367e-03
-2.868857933208346367e-03
-2.868857933208346367e-03
-2.868857933208346367e-03
-2.868857933208346367e-03
-2.868857933208346367e-03
-2.868857933208346367e-03
-2.868857933208346367e-03
-2.868857933208346367e-03
-2.868857933208346367e-03
-2.868857933208346367e-03
-2.868857933208346367e-03
-2.868857933208346367e-03
-2.868857933208346367e-03
-2.868857933208346367e-03
-2.868857933208346367e-03
-2.868857933208346367e-03
-2.868857933208346367e-03
-2.868857933208346367e-03
-2.868857933208346367e-03
-2.868857933208346367e-03
-2.868857933208346367e-03
-2.868857933208346367e-03
-2.868857933208346367e-03
-2.868857933208346367e-03
-2.868857933208346367e-03
-2.868857933208346367e-03
-2.868857933208346367e-03
-2.868857933208346367e-03
-2.868857933208346367e-03
-2.868857933208346367e-03
-2.868857933208346367e-03
-2.868857933208346367e-03
-2.868857933208346367e-03
-2.868857933208346367e-03
-2.868857933208346367e-03
-2.868857933208346367e-03
-2.868857933208346367e-03
-2.868857933208346367e-03
-2.868857933208346367e-03
-2.868857933208346367e-03
-2.868857933208346367e-03
-2.868857933208346367e-03
-2.868857933208346367e-03
-2.868857933208346367e-03
-2.868857933208346367e-03
-2.868857933208346367e-03
-2.868857933208346367e-03
-2.868857933208346367e-03
-2.868857933208346367e-03
-2.868857933208346367e-03
-2.868857933208346367e-03
-2.868857933208346367e-03
-2.868857933208346367e-03
-2.868857933208346367e-03
-2.868857933208346367e-03
-2.868857933208346367e-03
-2.868857933208346367e-03
-2.868857933208346367e-03
-2.868857933208346367e-03
-2.868857933208346367e-03
-2.868857933208346367e-03
-2.868857933208346367e-03
-2.868857933208346367e-03
-2.868857933208346367e-03
-2.868857933208346367e-03
-2.868857933208346367e-03
-2.868857933208346367e-03
-2.868857933208346367e-03
-2.868857933208346367e-03
-2.868857933208346367e-03
-2.868857933208346367e-03
-2.868857933208346367e-03
-2.868857933208346367e-03
-2.868857933208346367e-03
-2.868857933208346367e-03
-2.868857933208346367e-03
-2.868857933208346367e-03
-2.868857933208346367e-03
-2.868857933208346367e-03
-2.868857933208346367e-03
-2.868857933208346367e-03
-2.868857933208346367e-03
-2.868857933208346367e-03
-2.868857933208346367e-03
-2.868857933208346367e-03
-5.064179033643621125e-02
-5.087760027735402368e-02
1.018773250409638759e-02
-7.690708089857270502e-02
-4.485131188514916711e-02
-3.833152307197454367e-03
5.513929053684513137e-02
-7.803900157302322976e-03
-3.714677024011812934e-03
1.638023625675807948e-02
-1.383239371409895327e-03
-2.868857933208346367e-03
-2.868857933208346367e-03
-2.868857933208346367e-03
-2.868857933208346367e-03
-2.868857933208346367e-03
-2.868857933208346367e-03
-2.868857933208346367e-03
-2.868857933208346367e-03
-2.868857933208346367e-03
-2.868857933208346367e-03
-2.868857933208346367e-03
-2.868857933208346367e-03
-2.868857933208346367e-03
-2.868857933208346367e-03
-8.977493709227178653e-02
-6.741152582233589374e-02
1.891756838835849108e-01
6.933746352453954431e-01
7.725772944689891508e-01
8.641734558531978250e-01
1.398856575928592028e+00
1.348773894388703543e+00
8.249287223653393175e-01
2.922887238390817211e-01
3.473915060096438578e-01
1.239224824789619539e-01
4.980157396354365634e-02
1.429953224336107283e-03
-2.868857933208346367e-03
-2.868857933208346367e-03
-2.868857933208346367e-03
-2.868857933208346367e-03
-2.868857933208346367e-03
-2.868857933208346367e-03
-2.868857933208346367e-03
-2.868857933208346367e-03
-2.868857933208346367e-03
-2.868857933208346367e-03
-2.868857933208346367e-03
-2.868857933208346367e-03
-1.381277855239151087e-01
6.212577315987837245e-01
1.969307031324498247e+00
2.438638662586134931e+00
2.607599413390363274e+00
3.169569585131773781e+00
3.278138620357997191e+00
2.538128481355184984e+00
1.815767992290613364e+00
1.616667441639355385e+00
1.291199322953345829e+00
8.098451108133017939e-01
6.312909110823609060e-01
4.748829570279328727e-01
-2.868857933208346367e-03
-2.868857933208346367e-03
-2.868857933208346367e-03
-2.868857933208346367e-03
-2.868857933208346367e-03
-2.868857933208346367e-03
-2.868857933208346367e-03
-2.868857933208346367e-03
-2.868857933208346367e-03
-2.868857933208346367e-03
-2.868857933208346367e-03
-2.868857933208346367e-03
3.174464743977010173e-01
1.912044088910425099e+00
3.275745672362802008e+00
3.396509040683033387e+00
3.443895042814569596e+00
3.425229750905076642e+00
3.220355147111467531e+00
2.753682718421424092e+00
2.498698593189428774e+00
2.643716607092167159e+00
2.486448193249274130e+00
1.971097523509981242e+00
1.450850209969041238e+00
5.467672568061114902e-01
-2.868857933208346367e-03
-2.868857933208346367e-03
-2.868857933208346367e-03
-2.868857933208346367e-03
-2.868857933208346367e-03
-2.868857933208346367e-03
-2.868857933208346367e-03
-2.868857933208346367e-03
-2.868857933208346367e-03
-2.868857933208346367e-03
-2.868857933208346367e-03
-2.868857933208346367e-03
5.901442581413349764e-01
2.199374236008517780e+00
3.331368619754143001e+00
3.479066986016308149e+00
3.304756053108904634e+00
2.681419115589347424e+00
1.761331286079560909e+00
1.393322104963419017e+00
1.759585688558096495e+00
2.197296231330426952e+00
2.086798680810184603e+00
1.644993583349438016e+00
1.226186456504807287e+00
4.867541421743512009e-01
-2.868857933208346367e-03
-2.868857933208346367e-03
-2.868857933208346367e-03
-2.868857933208346367e-03
-2.868857933208346367e-03
-2.868857933208346367e-03
-2.868857933208346367e-03
-2.868857933208346367e-03
-2.868857933208346367e-03
-2.868857933208346367e-03
-2.868857933208346367e-03
-4.962534496615476215e-02
5.336574667690359153e-01
1.937963271450579450e+00
2.961353950475470675e+00
3.308941901404885311e+00
2.300258661692450524e+00
7.780244575512101912e-01
2.690218571235662992e-01
2.448849085380560564e-01
4.375543375691289816e-01
6.205105693782588805e-01
6.815267129152939862e-01
7.564376411366038333e-01
5.270646175798758826e-01
9.224153510477467455e-02
-2.868857933208346367e-03
-2.868857933208346367e-03
-2.868857933208346367e-03
-2.868857933208346367e-03
-2.868857933208346367e-03
-2.868857933208346367e-03
-2.868857933208346367e-03
-2.868857933208346367e-03
-2.868857933208346367e-03
-2.868857933208346367e-03
-4.901748673771234160e-03
-8.500557718341987534e-02
5.050294467804989917e-01
2.128094822609358783e+00
3.312542221157391609e+00
2.967321832561134798e+00
1.619216167878396062e+00
4.585790639003629043e-01
-2.868857933208346367e-03
-2.868857933208346367e-03
-2.868857933208346367e-03
-2.868857933208346367e-03
-2.868857933208346367e-03
-2.868857933208346367e-03
-2.868857933208346367e-03
-2.868857933208346367e-03
-2.868857933208346367e-03
-2.868857933208346367e-03
-2.868857933208346367e-03
-2.868857933208346367e-03
-2.868857933208346367e-03
-2.868857933208346367e-03
-2.868857933208346367e-03
-2.868857933208346367e-03
-2.868857933208346367e-03
-2.868857933208346367e-03
-4.214634072565126566e-02
1.443435113685314630e-01
1.403175902595816593e+00
2.956441504810480403e+00
3.475649428867058965e+00
2.947418817544502634e+00
1.403464198706890986e+00
1.139604686403318384e-01
-2.868857933208346367e-03
-2.868857933208346367e-03
-2.868857933208346367e-03
-2.868857933208346367e-03
-2.868857933208346367e-03
-2.868857933208346367e-03
-2.868857933208346367e-03
-2.868857933208346367e-03
-2.868857933208346367e-03
-2.868857933208346367e-03
-2.868857933208346367e-03
-2.868857933208346367e-03
-2.868857933208346367e-03
-2.868857933208346367e-03
-2.868857933208346367e-03
-2.868857933208346367e-03
-2.868857933208346367e-03
-4.393525988630512212e-03
-9.713266791100155784e-02
5.572248180515553262e-01
2.162732858790596069e+00
3.377043615189363468e+00
3.141635927940518158e+00
1.739968738210953658e+00
2.934280761198012621e-01
5.897018136273995959e-04
-2.868857933208346367e-03
-2.868857933208346367e-03
-2.868857933208346367e-03
-2.868857933208346367e-03
-2.868857933208346367e-03
-2.868857933208346367e-03
-2.868857933208346367e-03
-2.868857933208346367e-03
-2.868857933208346367e-03
-2.868857933208346367e-03
-2.868857933208346367e-03
-2.868857933208346367e-03
-2.868857933208346367e-03
-2.868857933208346367e-03
-2.868857933208346367e-03
-2.868857933208346367e-03
-2.868857933208346367e-03
-2.178134931087056039e-02
8.580179172385410391e-02
1.443116798875488049e+00
3.051689577916198992e+00
3.301873946068443644e+00
2.202198732807757242e+00
6.561379912829793382e-01
2.393498010476868484e-02
-2.868857933208346367e-03
-2.868857933208346367e-03
-2.868857933208346367e-03
-2.868857933208346367e-03
-2.868857933208346367e-03
-2.868857933208346367e-03
-2.868857933208346367e-03
-2.868857933208346367e-03
-2.868857933208346367e-03
-2.868857933208346367e-03
-2.868857933208346367e-03
-2.868857933208346367e-03
-2.868857933208346367e-03
-2.868857933208346367e-03
-2.868857933208346367e-03
-2.868857933208346367e-03
-2.868857933208346367e-03
-2.868857933208346367e-03
-3.389920043192950344e-03
5.212509713802194744e-01
2.183797258871845060e+00
3.333636509242704715e+00
3.127027199463918716e+00
1.659801355540277523e+00
2.409058371622699590e-01
-2.868857933208346367e-03
-2.868857933208346367e-03
-2.868857933208346367e-03
-2.868857933208346367e-03
-2.868857933208346367e-03
-2.868857933208346367e-03
-2.868857933208346367e-03
-2.868857933208346367e-03
-2.868857933208346367e-03
-2.868857933208346367e-03
-2.868857933208346367e-03
-2.868857933208346367e-03
-2.868857933208346367e-03
-2.868857933208346367e-03
-2.868857933208346367e-03
-2.868857933208346367e-03
-2.868857933208346367e-03
-2.868857933208346367e-03
-2.868857933208346367e-03
9.441898639277354621e-02
7.411272967444259008e-01
2.245124824596203439e+00
3.273535909791312370e+00
2.929667009963818458e+00
1.325946631811230514e+00
9.141561263606097498e-02
-8.702450454709870914e-03
-2.547379906435369434e-02
1.369010246103154887e-02
-1.507032579084967988e-02
1.251894689493757845e-02
3.316213405124989258e-03
-2.489551066366188590e-03
-2.868857933208346367e-03
-2.868857933208346367e-03
-2.868857933208346367e-03
-2.868857933208346367e-03
-2.868857933208346367e-03
-2.868857933208346367e-03
-2.868857933208346367e-03
-2.868857933208346367e-03
-2.868857933208346367e-03
-2.868857933208346367e-03
-2.868857933208346367e-03
-2.868857933208346367e-03
3.413390656294045672e-02
5.701548161341205567e-01
1.958909997682762860e+00
3.163615953099603750e+00
2.709847238129370339e+00
1.208149170498455049e+00
3.346617064009621001e-01
2.947081328561420022e-01
2.930091378689907988e-01
3.832632521742625475e-01
3.559006643381115720e-01
2.602138788558031601e-01
2.468073780584496280e-01
8.002402461316510118e-02
1.339880959587355647e-04
-2.868857933208346367e-03
-2.868857933208346367e-03
-2.868857933208346367e-03
-2.868857933208346367e-03
-2.868857933208346367e-03
-2.868857933208346367e-03
-2.868857933208346367e-03
-2.868857933208346367e-03
-2.868857933208346367e-03
-2.868857933208346367e-03
-2.868857933208346367e-03
-2.868857933208346367e-03
5.135754022993803680e-01
1.625541908062957841e+00
2.739202442278574345e+00
2.771400251176537211e+00
2.060028956891676533e+00
1.884596972133708803e+00
1.878544492576746272e+00
1.965220987909090278e+00
1.962792243204974252e+00
1.797638714287028261e+00
1.704722158518601649e+00
1.400345350592853588e+00
9.474077859299950832e-01
3.662457055275273321e-01
5.273870566823318264e-04
-2.805640122067986665e-03
-2.868857933208346367e-03
-2.868857933208346367e-03
-2.868857933208346367e-03
-2.868857933208346367e-03
-2.868857933208346367e-03
-2.868857933208346367e-03
-2.868857933208346367e-03
-2.868857933208346367e-03
-2.868857933208346367e-03
-2.868857933208346367e-03
2.848271701147085944e-01
1.113812384231235075e+00
2.258189715403954079e+00
3.219193961634757351e+00
3.378308098685617100e+00
3.375982135179105725e+00
3.375982135179105725e+00
3.391294672905340146e+00
3.385112281635805243e+00
3.316482595736891081e+00
3.167735517728964556e+00
2.685232334813176358e+00
2.014239169097524318e+00
1.259509646011443662e+00
3.094106959681227620e-01
4.668689419643259550e-03
-2.868857933208346367e-03
-2.868857933208346367e-03
-2.868857933208346367e-03
-2.868857933208346367e-03
-2.868857933208346367e-03
-2.868857933208346367e-03
-2.868857933208346367e-03
-2.868857933208346367e-03
-2.868857933208346367e-03
-2.868857933208346367e-03
2.620474274233713929e-02
6.090560384706467101e-01
1.606714091861766835e+00
2.426269206392816180e+00
3.173571397439924002e+00
3.364805410995019841e+00
3.434755804640806875e+00
3.409048572587142001e+00
3.348900885196111066e+00
3.095267293195915759e+00
2.952708684743436951e+00
3.152159001184262177e+00
2.904475451146672604e+00
2.110660916810636056e+00
1.055435019683129472e+00
6.502307612065444387e-02
-2.868857933208346367e-03
-2.868857933208346367e-03
-2.868857933208346367e-03
-2.868857933208346367e-03
-2.868857933208346367e-03
-2.868857933208346367e-03
-2.868857933208346367e-03
-2.868857933208346367e-03
-2.868857933208346367e-03
-2.868857933208346367e-03
-2.868857933208346367e-03
6.585056184535370560e-02
6.021016304280755183e-01
1.454722622434115653e+00
1.854681553314531328e+00
1.941759088272959399e+00
2.167569238403081577e+00
2.140612269955340263e+00
1.568627670336989688e+00
1.398311088236925404e+00
1.598630667480585243e+00
1.868227713119567479e+00
2.516145317427193717e+00
2.709070755792416740e+00
1.474085908225171160e+00
3.942527540055486557e-01
-2.868857933208346367e-03
-2.868857933208346367e-03
-2.868857933208346367e-03
-2.868857933208346367e-03
-2.868857933208346367e-03
-2.868857933208346367e-03
-2.868857933208346367e-03
-2.868857933208346367e-03
-2.868857933208346367e-03
-2.868857933208346367e-03
-2.868857933208346367e-03
-2.868857933208346367e-03
-2.868857933208346367e-03
-2.868857933208346367e-03
3.413390656294045672e-02
2.785624893153926251e-01
3.539214570029620144e-01
7.062553668705125187e-02
-1.354153432116350642e-02
-7.589474718962960220e-02
3.470828398313446916e-02
8.827955047389965948e-01
2.471323927823344757e+00
3.050303748946673554e+00
1.688170450862825689e+00
2.865921593572505754e-01
-2.868857933208346367e-03
-2.868857933208346367e-03
-2.868857933208346367e-03
-2.868857933208346367e-03
-2.868857933208346367e-03
-2.868857933208346367e-03
-2.868857933208346367e-03
-2.868857933208346367e-03
-2.868857933208346367e-03
-2.868857933208346367e-03
-2.868857933208346367e-03
-2.868857933208346367e-03
-2.868857933208346367e-03
-2.868857933208346367e-03
-2.868857933208346367e-03
-2.868857933208346367e-03
-4.301845005932537769e-02
-7.524006654252754500e-02
-4.391104396816124245e-02
5.815187902828922173e-03
6.627757236388897022e-01
2.187837376309485826e+00
3.277193522214999266e+00
2.679602259013107890e+00
1.026095485558514264e+00
5.600385910137464784e-02
-2.868857933208346367e-03
-2.868857933208346367e-03
-2.868857933208346367e-03
-2.868857933208346367e-03
-2.868857933208346367e-03
-2.868857933208346367e-03
-2.868857933208346367e-03
-2.868857933208346367e-03
-2.868857933208346367e-03
-2.868857933208346367e-03
-2.868857933208346367e-03
-2.868857933208346367e-03
-2.868857933208346367e-03
-2.868857933208346367e-03
-2.868857933208346367e-03
-2.868857933208346367e-03
-6.518154881766760611e-02
1.439925659986614481e-01
7.751339334437586936e-01
1.732249074804541822e+00
2.767061172574575512e+00
3.302419407405507545e+00
2.862272709194461306e+00
1.370257525455535363e+00
1.519620971233748286e-01
-2.749381230815368948e-04
-2.868857933208346367e-03
-2.868857933208346367e-03
-2.868857933208346367e-03
-2.868857933208346367e-03
-2.868857933208346367e-03
-2.868857933208346367e-03
-2.868857933208346367e-03
-2.868857933208346367e-03
-2.868857933208346367e-03
-2.868857933208346367e-03
-2.868857933208346367e-03
-2.868857933208346367e-03
-2.868857933208346367e-03
-2.868857933208346367e-03
-2.868857933208346367e-03
-2.868857933208346367e-03
2.017106269385811890e-01
1.126886252491899221e+00
2.284406283544376581e+00
2.807704761437158414e+00
3.018579597379464463e+00
2.396902403515745572e+00
9.770615228132217833e-01
1.155868133959159494e-01
-2.868857933208346367e-03
-2.868857933208346367e-03
-2.868857933208346367e-03
-2.868857933208346367e-03
-2.868857933208346367e-03
-2.868857933208346367e-03
-2.868857933208346367e-03
-2.868857933208346367e-03
-2.868857933208346367e-03
-2.868857933208346367e-03
-2.868857933208346367e-03
-2.868857933208346367e-03
-2.868857933208346367e-03
-2.868857933208346367e-03
-2.868857933208346367e-03
-2.868857933208346367e-03
-2.868857933208346367e-03
-2.868857933208346367e-03
3.063685310703209153e-01
9.023982974709759963e-01
1.272031467206155231e+00
1.437513681124055642e+00
1.112791256448619093e+00
4.122337216137013649e-01
4.987417820603678303e-02
-2.868857933208346367e-03
-2.868857933208346367e-03
-2.868857933208346367e-03
-2.868857933208346367e-03
-2.868857933208346367e-03
-2.868857933208346367e-03
-2.868857933208346367e-03
-2.868857933208346367e-03
-2.868857933208346367e-03
-2.868857933208346367e-03
-2.868857933208346367e-03
-2.868857933208346367e-03
-2.868857933208346367e-03
-2.868857933208346367e-03
-2.868857933208346367e-03
-2.868857933208346367e-03
-2.868857933208346367e-03
-2.868857933208346367e-03
-2.868857933208346367e-03
-2.868857933208346367e-03
-2.868857933208346367e-03
-2.868857933208346367e-03
-2.868857933208346367e-03
-2.868857933208346367e-03
-2.868857933208346367e-03
-2.868857933208346367e-03
-2.868857933208346367e-03
-2.868857933208346367e-03
-2.868857933208346367e-03
-2.868857933208346367e-03
-2.868857933208346367e-03
-2.868857933208346367e-03
-2.868857933208346367e-03
0.000000000000000000e+00
0.000000000000000000e+00
0.000000000000000000e+00
0.000000000000000000e+00
0.000000000000000000e+00
0.000000000000000000e+00
0.000000000000000000e+00
0.000000000000000000e+00
0.000000000000000000e+00
0.000000000000000000e+00
0.000000000000000000e+00
0.000000000000000000e+00
0.000000000000000000e+00
0.000000000000000000e+00
0.000000000000000000e+00
0.000000000000000000e+00
0.000000000000000000e+00
0.000000000000000000e+00
0.000000000000000000e+00
0.000000000000000000e+00
0.000000000000000000e+00
0.000000000000000000e+00
0.000000000000000000e+00
0.000000000000000000e+00
0.000000000000000000e+00
0.000000000000000000e+00
0.000000000000000000e+00
0.000000000000000000e+00
0.000000000000000000e+00
0.000000000000000000e+00
0.000000000000000000e+00
0.000000000000000000e+00
0.000000000000000000e+00
0.000000000000000000e+00
0.000000000000000000e+00
0.000000000000000000e+00
0.000000000000000000e+00
0.000000000000000000e+00
0.000000000000000000e+00
0.000000000000000000e+00
0.000000000000000000e+00
0.000000000000000000e+00
0.000000000000000000e+00
0.000000000000000000e+00
0.000000000000000000e+00
0.000000000000000000e+00
0.000000000000000000e+00
0.000000000000000000e+00
0.000000000000000000e+00
0.000000000000000000e+00
0.000000000000000000e+00
0.000000000000000000e+00
0.000000000000000000e+00
0.000000000000000000e+00
0.000000000000000000e+00
0.000000000000000000e+00
0.000000000000000000e+00
0.000000000000000000e+00
0.000000000000000000e+00
0.000000000000000000e+00
0.000000000000000000e+00
0.000000000000000000e+00
0.000000000000000000e+00
0.000000000000000000e+00
0.000000000000000000e+00
0.000000000000000000e+00
0.000000000000000000e+00
0.000000000000000000e+00
0.000000000000000000e+00
0.000000000000000000e+00
0.000000000000000000e+00
0.000000000000000000e+00
0.000000000000000000e+00
0.000000000000000000e+00
0.000000000000000000e+00
0.000000000000000000e+00
0.000000000000000000e+00
0.000000000000000000e+00
0.000000000000000000e+00
0.000000000000000000e+00
0.000000000000000000e+00
0.000000000000000000e+00
0.000000000000000000e+00
0.000000000000000000e+00
0.000000000000000000e+00
0.000000000000000000e+00
0.000000000000000000e+00
0.000000000000000000e+00
0.000000000000000000e+00
1.018773250409638759e-02
0.000000000000000000e+00
0.000000000000000000e+00
0.000000000000000000e+00
5.513929053684513137e-02
0.000000000000000000e+00
0.000000000000000000e+00
1.638023625675807948e-02
0.000000000000000000e+00
0.000000000000000000e+00
0.000000000000000000e+00
0.000000000000000000e+00
0.000000000000000000e+00
0.000000000000000000e+00
0.000000000000000000e+00
0.000000000000000000e+00
0.000000000000000000e+00
0.000000000000000000e+00
0.000000000000000000e+00
0.000000000000000000e+00
0.000000000000000000e+00
0.000000000000000000e+00
0.000000000000000000e+00
0.000000000000000000e+00
0.000000000000000000e+00
1.891756838835849108e-01
6.933746352453954431e-01
7.725772944689891508e-01
8.641734558531978250e-01
1.398856575928592028e+00
1.348773894388703543e+00
8.249287223653393175e-01
2.922887238390817211e-01
3.473915060096438578e-01
1.239224824789619539e-01
4.980157396354365634e-02
1.429953224336107283e-03
0.000000000000000000e+00
0.000000000000000000e+00
0.000000000000000000e+00
0.000000000000000000e+00
0.000000000000000000e+00
0.000000000000000000e+00
0.000000000000000000e+00
0.000000000000000000e+00
0.000000000000000000e+00
0.000000000000000000e+00
0.000000000000000000e+00
0.000000000000000000e+00
0.000000000000000000e+00
6.212577315987837245e-01
1.969307031324498247e+00
2.438638662586134931e+00
2.607599413390363274e+00
3.169569585131773781e+00
3.278138620357997191e+00
2.538128481355184984e+00
1.815767992290613364e+00
1.616667441639355385e+00
1.291199322953345829e+00
8.098451108133017939e-01
6.312909110823609060e-01
4.748829570279328727e-01
0.000000000000000000e+00
0.000000000000000000e+00
0.000000000000000000e+00
0.000000000000000000e+00
0.000000000000000000e+00
0.000000000000000000e+00
0.000000000000000000e+00
0.000000000000000000e+00
0.000000000000000000e+00
0.000000000000000000e+00
0.000000000000000000e+00
0.000000000000000000e+00
3.174464743977010173e-01
1.912044088910425099e+00
3.275745672362802008e+00
3.396509040683033387e+00
3.443895042814569596e+00
3.425229750905076642e+00
3.220355147111467531e+00
2.753682718421424092e+00
2.498698593189428774e+00
2.643716607092167159e+00
2.486448193249274130e+00
1.971097523509981242e+00
1.450850209969041238e+00
5.467672568061114902e-01
0.000000000000000000e+00
0.000000000000000000e+00
0.000000000000000000e+00
0.000000000000000000e+00
0.000000000000000000e+00
0.000000000000000000e+00
0.000000000000000000e+00
0.000000000000000000e+00
0.000000000000000000e+00
0.000000000000000000e+00
0.000000000000000000e+00
0.000000000000000000e+00
5.901442581413349764e-01
2.199374236008517780e+00
3.331368619754143001e+00
3.479066986016308149e+00
3.304756053108904634e+00
2.681419115589347424e+00
1.761331286079560909e+00
1.393322104963419017e+00
1.759585688558096495e+00
2.197296231330426952e+00
2.086798680810184603e+00
1.644993583349438016e+00
1.226186456504807287e+00
4.867541421743512009e-01
0.000000000000000000e+00
0.000000000000000000e+00
0.000000000000000000e+00
0.000000000000000000e+00
0.000000000000000000e+00
0.000000000000000000e+00
0.000000000000000000e+00
0.000000000000000000e+00
0.000000000000000000e+00
0.000000000000000000e+00
0.000000000000000000e+00
0.000000000000000000e+00
5.336574667690359153e-01
1.937963271450579450e+00
2.961353950475470675e+00
3.308941901404885311e+00
2.300258661692450524e+00
7.780244575512101912e-01
2.690218571235662992e-01
2.448849085380560564e-01
4.375543375691289816e-01
6.205105693782588805e-01
6.815267129152939862e-01
7.564376411366038333e-01
5.270646175798758826e-01
9.224153510477467455e-02
0.000000000000000000e+00
0.000000000000000000e+00
0.000000000000000000e+00
0.000000000000000000e+00
0.000000000000000000e+00
0.000000000000000000e+00
0.000000000000000000e+00
0.000000000000000000e+00
0.000000000000000000e+00
0.000000000000000000e+00
0.000000000000000000e+00
0.000000000000000000e+00
5.050294467804989917e-01
2.128094822609358783e+00
3.312542221157391609e+00
2.967321832561134798e+00
1.619216167878396062e+00
4.585790639003629043e-01
0.000000000000000000e+00
0.000000000000000000e+00
0.000000000000000000e+00
0.000000000000000000e+00
0.000000000000000000e+00
0.000000000000000000e+00
0.000000000000000000e+00
0.000000000000000000e+00
0.000000000000000000e+00
0.000000000000000000e+00
0.000000000000000000e+00
0.000000000000000000e+00
0.000000000000000000e+00
0.000000000000000000e+00
0.000000000000000000e+00
0.000000000000000000e+00
0.000000000000000000e+00
0.000000000000000000e+00
0.000000000000000000e+00
1.443435113685314630e-01
1.403175902595816593e+00
2.956441504810480403e+00
3.475649428867058965e+00
2.947418817544502634e+00
1.403464198706890986e+00
1.139604686403318384e-01
0.000000000000000000e+00
0.000000000000000000e+00
0.000000000000000000e+00
0.000000000000000000e+00
0.000000000000000000e+00
0.000000000000000000e+00
0.000000000000000000e+00
0.000000000000000000e+00
0.000000000000000000e+00
0.000000000000000000e+00
0.000000000000000000e+00
0.000000000000000000e+00
0.000000000000000000e+00
0.000000000000000000e+00
0.000000000000000000e+00
0.000000000000000000e+00
0.000000000000000000e+00
0.000000000000000000e+00
0.000000000000000000e+00
5.572248180515553262e-01
2.162732858790596069e+00
3.377043615189363468e+00
3.141635927940518158e+00
1.739968738210953658e+00
2.934280761198012621e-01
5.897018136273995959e-04
0.000000000000000000e+00
0.000000000000000000e+00
0.000000000000000000e+00
0.000000000000000000e+00
0.000000000000000000e+00
0.000000000000000000e+00
0.000000000000000000e+00
0.000000000000000000e+00
0.000000000000000000e+00
0.000000000000000000e+00
0.000000000000000000e+00
0.000000000000000000e+00
0.000000000000000000e+00
0.000000000000000000e+00
0.000000000000000000e+00
0.000000000000000000e+00
0.000000000000000000e+00
0.000000000000000000e+00
8.580179172385410391e-02
1.443116798875488049e+00
3.051689577916198992e+00
3.301873946068443644e+00
2.202198732807757242e+00
6.561379912829793382e-01
2.393498010476868484e-02
0.000000000000000000e+00
0.000000000000000000e+00
0.000000000000000000e+00
0.000000000000000000e+00
0.000000000000000000e+00
0.000000000000000000e+00
0.000000000000000000e+00
0.000000000000000000e+00
0.000000000000000000e+00
0.000000000000000000e+00
0.000000000000000000e+00
0.000000000000000000e+00
0.000000000000000000e+00
0.000000000000000000e+00
0.000000000000000000e+00
0.000000000000000000e+00
0.000000000000000000e+00
0.000000000000000000e+00
0.000000000000000000e+00
5.212509713802194744e-01
2.183797258871845060e+00
3.333636509242704715e+00
3.127027199463918716e+00
1.659801355540277523e+00
2.409058371622699590e-01
0.000000000000000000e+00
0.000000000000000000e+00
0.000000000000000000e+00
0.000000000000000000e+00
0.000000000000000000e+00
0.000000000000000000e+00
0.000000000000000000e+00
0.000000000000000000e+00
0.000000000000000000e+00
0.000000000000000000e+00
0.000000000000000000e+00
0.000000000000000000e+00
0.000000000000000000e+00
0.000000000000000000e+00
0.000000000000000000e+00
0.000000000000000000e+00
0.000000000000000000e+00
0.000000000000000000e+00
0.000000000000000000e+00
9.441898639277354621e-02
7.411272967444259008e-01
2.245124824596203439e+00
3.273535909791312370e+00
2.929667009963818458e+00
1.325946631811230514e+00
9.141561263606097498e-02
0.000000000000000000e+00
0.000000000000000000e+00
1.369010246103154887e-02
0.000000000000000000e+00
1.251894689493757845e-02
3.316213405124989258e-03
0.000000000000000000e+00
0.000000000000000000e+00
0.000000000000000000e+00
0.000000000000000000e+00
0.000000000000000000e+00
0.000000000000000000e+00
0.000000000000000000e+00
0.000000000000000000e+00
0.000000000000000000e+00
0.000000000000000000e+00
0.000000000000000000e+00
0.000000000000000000e+00
0.000000000000000000e+00
3.413390656294045672e-02
5.701548161341205567e-01
1.958909997682762860e+00
3.163615953099603750e+00
2.709847238129370339e+00
1.208149170498455049e+00
3.346617064009621001e-01
2.947081328561420022e-01
2.930091378689907988e-01
3.832632521742625475e-01
3.559006643381115720e-01
2.602138788558031601e-01
2.468073780584496280e-01
8.002402461316510118e-02
1.339880959587355647e-04
0.000000000000000000e+00
0.000000000000000000e+00
0.000000000000000000e+00
0.000000000000000000e+00
0.000000000000000000e+00
0.000000000000000000e+00
0.000000000000000000e+00
0.000000000000000000e+00
0.000000000000000000e+00
0.000000000000000000e+00
0.000000000000000000e+00
0.000000000000000000e+00
5.135754022993803680e-01
1.625541908062957841e+00
2.739202442278574345e+00
2.771400251176537211e+00
2.060028956891676533e+00
1.884596972133708803e+00
1.878544492576746272e+00
1.965220987909090278e+00
1.962792243204974252e+00
1.797638714287028261e+00
1.704722158518601649e+00
1.400345350592853588e+00
9.474077859299950832e-01
3.662457055275273321e-01
5.273870566823318264e-04
0.000000000000000000e+00
0.000000000000000000e+00
0.000000000000000000e+00
0.000000000000000000e+00
0.000000000000000000e+00
0.000000000000000000e+00
0.000000000000000000e+00
0.000000000000000000e+00
0.000000000000000000e+00
0.000000000000000000e+00
0.000000000000000000e+00
2.848271701147085944e-01
1.113812384231235075e+00
2.258189715403954079e+00
3.219193961634757351e+00
3.378308098685617100e+00
3.375982135179105725e+00
3.375982135179105725e+00
3.391294672905340146e+00
3.385112281635805243e+00
3.316482595736891081e+00
3.167735517728964556e+00
2.685232334813176358e+00
2.014239169097524318e+00
1.259509646011443662e+00
3.094106959681227620e-01
4.668689419643259550e-03
0.000000000000000000e+00
0.000000000000000000e+00
0.000000000000000000e+00
0.000000000000000000e+00
0.000000000000000000e+00
0.000000000000000000e+00
0.000000000000000000e+00
0.000000000000000000e+00
0.000000000000000000e+00
0.000000000000000000e+00
2.620474274233713929e-02
6.090560384706467101e-01
1.606714091861766835e+00
2.426269206392816180e+00
3.173571397439924002e+00
3.364805410995019841e+00
3.434755804640806875e+00
3.409048572587142001e+00
3.348900885196111066e+00
3.095267293195915759e+00
2.952708684743436951e+00
3.152159001184262177e+00
2.904475451146672604e+00
2.110660916810636056e+00
1.055435019683129472e+00
6.502307612065444387e-02
0.000000000000000000e+00
0.000000000000000000e+00
0.000000000000000000e+00
0.000000000000000000e+00
0.000000000000000000e+00
0.000000000000000000e+00
0.000000000000000000e+00
0.000000000000000000e+00
0.000000000000000000e+00
0.000000000000000000e+00
0.000000000000000000e+00
6.585056184535370560e-02
6.021016304280755183e-01
1.454722622434115653e+00
1.854681553314531328e+00
1.941759088272959399e+00
2.167569238403081577e+00
2.140612269955340263e+00
1.568627670336989688e+00
1.398311088236925404e+00
1.598630667480585243e+00
1.868227713119567479e+00
2.516145317427193717e+00
2.709070755792416740e+00
1.474085908225171160e+00
3.942527540055486557e-01
0.000000000000000000e+00
0.000000000000000000e+00
0.000000000000000000e+00
0.000000000000000000e+00
0.000000000000000000e+00
0.000000000000000000e+00
0.000000000000000000e+00
0.000000000000000000e+00
0.000000000000000000e+00
0.000000000000000000e+00
0.000000000000000000e+00
0.000000000000000000e+00
0.000000000000000000e+00
0.000000000000000000e+00
3.413390656294045672e-02
2.785624893153926251e-01
3.539214570029620144e-01
7.062553668705125187e-02
0.000000000000000000e+00
0.000000000000000000e+00
3.470828398313446916e-02
8.827955047389965948e-01
2.471323927823344757e+00
3.050303748946673554e+00
1.688170450862825689e+00
2.865921593572505754e-01
0.000000000000000000e+00
0.000000000000000000e+00
0.000000000000000000e+00
0.000000000000000000e+00
0.000000000000000000e+00
0.000000000000000000e+00
0.000000000000000000e+00
0.000000000000000000e+00
0.000000000000000000e+00
0.000000000000000000e+00
0.000000000000000000e+00
0.000000000000000000e+00
0.000000000000000000e+00
0.000000000000000000e+00
0.000000000000000000e+00
0.000000000000000000e+00
0.000000000000000000e+00
0.000000000000000000e+00
0.000000000000000000e+00
5.815187902828922173e-03
6.627757236388897022e-01
2.187837376309485826e+00
3.277193522214999266e+00
2.679602259013107890e+00
1.026095485558514264e+00
5.600385910137464784e-02
0.000000000000000000e+00
0.000000000000000000e+00
0.000000000000000000e+00
0.000000000000000000e+00
0.000000000000000000e+00
0.000000000000000000e+00
0.000000000000000000e+00
0.000000000000000000e+00
0.000000000000000000e+00
0.000000000000000000e+00
0.000000000000000000e+00
0.000000000000000000e+00
0.000000000000000000e+00
0.000000000000000000e+00
0.000000000000000000e+00
0.000000000000000000e+00
0.000000000000000000e+00
1.439925659986614481e-01
7.751339334437586936e-01
1.732249074804541822e+00
2.767061172574575512e+00
3.302419407405507545e+00
2.862272709194461306e+00
1.370257525455535363e+00
1.519620971233748286e-01
0.000000000000000000e+00
0.000000000000000000e+00
0.000000000000000000e+00
0.000000000000000000e+00
0.000000000000000000e+00
0.000000000000000000e+00
0.000000000000000000e+00
0.000000000000000000e+00
0.000000000000000000e+00
0.000000000000000000e+00
0.000000000000000000e+00
0.000000000000000000e+00
0.000000000000000000e+00
0.000000000000000000e+00
0.000000000000000000e+00
0.000000000000000000e+00
0.000000000000000000e+00
2.017106269385811890e-01
1.126886252491899221e+00
2.284406283544376581e+00
2.807704761437158414e+00
3.018579597379464463e+00
2.396902403515745572e+00
9.770615228132217833e-01
1.155868133959159494e-01
0.000000000000000000e+00
0.000000000000000000e+00
0.000000000000000000e+00
0.000000000000000000e+00
0.000000000000000000e+00
0.000000000000000000e+00
0.000000000000000000e+00
0.000000000000000000e+00
0.000000000000000000e+00
0.000000000000000000e+00
0.000000000000000000e+00
0.000000000000000000e+00
0.000000000000000000e+00
0.000000000000000000e+00
0.000000000000000000e+00
0.000000000000000000e+00
0.000000000000000000e+00
0.000000000000000000e+00
3.063685310703209153e-01
9.023982974709759963e-01
1.272031467206155231e+00
1.437513681124055642e+00
1.112791256448619093e+00
4.122337216137013649e-01
4.987417820603678303e-02
0.000000000000000000e+00
0.000000000000000000e+00
0.000000000000000000e+00
0.000000000000000000e+00
0.000000000000000000e+00
0.000000000000000000e+00
0.000000000000000000e+00
0.000000000000000000e+00
0.000000000000000000e+00
0.000000000000000000e+00
0.000000000000000000e+00
0.000000000000000000e+00
0.000000000000000000e+00
0.000000000000000000e+00
0.000000000000000000e+00
0.000000000000000000e+00
0.000000000000000000e+00
0.000000000000000000e+00
0.000000000000000000e+00
0.000000000000000000e+00
0.000000000000000000e+00
0.000000000000000000e+00
0.000000000000000000e+00
0.000000000000000000e+00
0.000000000000000000e+00
0.000000000000000000e+00
0.000000000000000000e+00
0.000000000000000000e+00
0.000000000000000000e+00
0.000000000000000000e+00
0.000000000000000000e+00
0.000000000000000000e+00
0.000000000000000000e+00
0.000000000000000000e+00
0.000000000000000000e+00
0.000000000000000000e+00
0.000000000000000000e+00
0.000000000000000000e+00
0.000000000000000000e+00
0.000000000000000000e+00
0.000000000000000000e+00
0.000000000000000000e+00
0.000000000000000000e+00
0.000000000000000000e+00
0.000000000000000000e+00
0.000000000000000000e+00
0.000000000000000000e+00
0.000000000000000000e+00
0.000000000000000000e+00
0.000000000000000000e+00
0.000000000000000000e+00
1.018773298710584641e-02
0.000000000000000000e+00
5.513929203152656555e-02
0.000000000000000000e+00
1.638023741543292999e-02
0.000000000000000000e+00
0.000000000000000000e+00
0.000000000000000000e+00
0.000000000000000000e+00
0.000000000000000000e+00
0.000000000000000000e+00
0.000000000000000000e+00
6.212577223777770996e-01
2.438638687133789062e+00
3.169569730758666992e+00
3.278138637542724609e+00
1.815768003463745117e+00
1.291199326515197754e+00
6.312909722328186035e-01
0.000000000000000000e+00
0.000000000000000000e+00
0.000000000000000000e+00
0.000000000000000000e+00
0.000000000000000000e+00
0.000000000000000000e+00
2.199374198913574219e+00
3.479066848754882812e+00
3.443895101547241211e+00
3.220355272293090820e+00
2.643716573715209961e+00
2.486448287963867188e+00
1.450850248336791992e+00
0.000000000000000000e+00
0.000000000000000000e+00
0.000000000000000000e+00
0.000000000000000000e+00
0.000000000000000000e+00
0.000000000000000000e+00
2.128094673156738281e+00
3.312542200088500977e+00
2.300258636474609375e+00
2.690218389034271240e-01
6.205106377601623535e-01
7.564377188682556152e-01
5.270646214485168457e-01
0.000000000000000000e+00
0.000000000000000000e+00
0.000000000000000000e+00
0.000000000000000000e+00
0.000000000000000000e+00
5.572248697280883789e-01
3.377043724060058594e+00
3.475649356842041016e+00
1.403464198112487793e+00
0.000000000000000000e+00
0.000000000000000000e+00
0.000000000000000000e+00
0.000000000000000000e+00
0.000000000000000000e+00
0.000000000000000000e+00
0.000000000000000000e+00
0.000000000000000000e+00
0.000000000000000000e+00
2.183797121047973633e+00
3.333636522293090820e+00
2.202198743820190430e+00
2.393498085439205170e-02
0.000000000000000000e+00
0.000000000000000000e+00
0.000000000000000000e+00
0.000000000000000000e+00
0.000000000000000000e+00
0.000000000000000000e+00
0.000000000000000000e+00
0.000000000000000000e+00
9.441898763179779053e-02
2.245124816894531250e+00
3.273535966873168945e+00
1.325946569442749023e+00
2.947081029415130615e-01
3.832632005214691162e-01
2.602138519287109375e-01
8.002401888370513916e-02
0.000000000000000000e+00
0.000000000000000000e+00
0.000000000000000000e+00
0.000000000000000000e+00
0.000000000000000000e+00
0.000000000000000000e+00
1.625541925430297852e+00
3.219193935394287109e+00
3.378308057785034180e+00
3.391294717788696289e+00
3.385112285614013672e+00
3.167735576629638672e+00
2.014239072799682617e+00
3.094106912612915039e-01
0.000000000000000000e+00
0.000000000000000000e+00
0.000000000000000000e+00
0.000000000000000000e+00
0.000000000000000000e+00
6.090560555458068848e-01
2.426269054412841797e+00
3.364805459976196289e+00
3.434755802154541016e+00
3.348900794982910156e+00
3.152158975601196289e+00
2.904475450515747070e+00
1.474085927009582520e+00
0.000000000000000000e+00
0.000000000000000000e+00
0.000000000000000000e+00
0.000000000000000000e+00
0.000000000000000000e+00
0.000000000000000000e+00
0.000000000000000000e+00
2.785624861717224121e-01
3.539214730262756348e-01
5.815180949866771698e-03
2.187837600708007812e+00
3.277193546295166016e+00
1.688170433044433594e+00
0.000000000000000000e+00
0.000000000000000000e+00
0.000000000000000000e+00
0.000000000000000000e+00
0.000000000000000000e+00
0.000000000000000000e+00
0.000000000000000000e+00
0.000000000000000000e+00
1.126886248588562012e+00
2.807704687118530273e+00
3.302419424057006836e+00
2.862272500991821289e+00
1.519621014595031738e-01
0.000000000000000000e+00
0.000000000000000000e+00
0.000000000000000000e+00
0.000000000000000000e+00
0.000000000000000000e+00
0.000000000000000000e+00
0.000000000000000000e+00
0.000000000000000000e+00
9.023982882499694824e-01
1.437513589859008789e+00
1.112791299819946289e+00
4.987417906522750854e-02
0.000000000000000000e+00
0.000000000000000000e+00
0.000000000000000000e+00
4.298991858959197998e-01
-1.489645957946777344e+00
1.882269263267517090e+00
-4.220785617828369141e+00
-1.104394435882568359e+00
8.819850683212280273e-01
-2.932429611682891846e-01
-6.908788681030273438e-01
1.720369696617126465e+00
4.327521026134490967e-01
-3.170563936233520508e+00
5.171948075294494629e-01
-9.799216270446777344e+00
9.703015089035034180e-01
-6.583234310150146484e+00
-5.773198604583740234e+00
9.763750433921813965e-01
-5.566832423210144043e-01
2.301694393157958984e+00
-3.549803733825683594e+00
-2.514114141464233398e+00
-7.973573207855224609e-01
4.311334341764450073e-02
-2.158356666564941406e+00
-7.258563041687011719e+00
-3.827970027923583984e-01
-2.569455623626708984e+00
-4.136821746826171875e+00
-2.358268737792968750e+00
-4.599351286888122559e-01
-4.417609691619873047e+00
2.336550474166870117e+00
-2.945457696914672852e+00
-3.432744264602661133e+00
-4.985538423061370850e-01
1.521776556968688965e+00
1.341745615005493164e+00
2.185321092605590820e+00
-3.370996713638305664e-01
-2.133457899093627930e+00
1.067909479141235352e+00
2.020596265792846680e+00
-2.258227348327636719e+00
-4.126580238342285156e+00
-2.665074825286865234e+00
8.688310384750366211e-01
-3.701831340789794922e+00
2.165697336196899414e+00
7.480589747428894043e-01
-2.649787068367004395e-01
3.440720081329345703e+00
3.566774606704711914e+00
-1.097154140472412109e+00
-6.212799549102783203e-01
-3.939422369003295898e+00
-3.462117910385131836e+00
-8.248476982116699219e+00
2.434291601181030273e+00
-2.465244054794311523e+00
9.521208405494689941e-01
-1.932642936706542969e+00
2.252162218093872070e+00
2.124842882156372070e+00
-2.662518501281738281e+00
-2.231732010841369629e-01
-2.553642988204956055e+00
3.115316033363342285e-01
-1.546786785125732422e+00
2.027011632919311523e+00
1.528277397155761719e+00
2.489558756351470947e-01
-7.210906982421875000e+00
-1.226421594619750977e+00
-3.074094653129577637e-02
2.951015710830688477e+00
-2.343529462814331055e-01
1.379143118858337402e+00
-3.606782436370849609e+00
-6.857624053955078125e+00
3.294100999832153320e+00
-1.694131612777709961e+00
-2.702818155288696289e+00
1.748915433883666992e+00
9.593299627304077148e-01
-6.919506192207336426e-01
-4.575614452362060547e+00
-1.124535441398620605e+00
-7.763453722000122070e-01
-9.045009315013885498e-02
-4.073533535003662109e+00
-4.834754467010498047e+00
-2.862041950225830078e+00
-4.241235554218292236e-03
2.152264833450317383e+00
3.118438720703125000e+00
-5.097274303436279297e+00
-3.838876008987426758e+00
8.504009842872619629e-01
-6.077194213867187500e-01
-1.776338100433349609e+00
4.298991858959197998e-01
0.000000000000000000e+00
1.882269263267517090e+00
0.000000000000000000e+00
0.000000000000000000e+00
8.819850683212280273e-01
0.000000000000000000e+00
0.000000000000000000e+00
1.720369696617126465e+00
4.327521026134490967e-01
0.000000000000000000e+00
5.171948075294494629e-01
0.000000000000000000e+00
9.703015089035034180e-01
0.000000000000000000e+00
0.000000000000000000e+00
9.763750433921813965e-01
0.000000000000000000e+00
2.301694393157958984e+00
0.000000000000000000e+00
0.000000000000000000e+00
0.000000000000000000e+00
4.311334341764450073e-02
0.000000000000000000e+00
0.000000000000000000e+00
0.000000000000000000e+00
0.000000000000000000e+00
0.000000000000000000e+00
0.000000000000000000e+00
0.000000000000000000e+00
0.000000000000000000e+00
2.336550474166870117e+00
0.000000000000000000e+00
0.000000000000000000e+00
0.000000000000000000e+00
1.521776556968688965e+00
1.341745615005493164e+00
2.185321092605590820e+00
0.000000000000000000e+00
0.000000000000000000e+00
1.067909479141235352e+00
2.020596265792846680e+00
0.000000000000000000e+00
0.000000000000000000e+00
0.000000000000000000e+00
8.688310384750366211e-01
0.000000000000000000e+00
2.165697336196899414e+00
7.480589747428894043e-01
0.000000000000000000e+00
3.440720081329345703e+00
3.566774606704711914e+00
0.000000000000000000e+00
0.000000000000000000e+00
0.000000000000000000e+00
0.000000000000000000e+00
0.000000000000000000e+00
2.434291601181030273e+00
0.000000000000000000e+00
9.521208405494689941e-01
0.000000000000000000e+00
2.252162218093872070e+00
2.124842882156372070e+00
0.000000000000000000e+00
0.000000000000000000e+00
0.000000000000000000e+00
3.115316033363342285e-01
0.000000000000000000e+00
2.027011632919311523e+00
1.528277397155761719e+00
2.489558756351470947e-01
0.000000000000000000e+00
0.000000000000000000e+00
0.000000000000000000e+00
2.951015710830688477e+00
0.000000000000000000e+00
1.379143118858337402e+00
0.000000000000000000e+00
0.000000000000000000e+00
3.294100999832153320e+00
0.000000000000000000e+00
0.000000000000000000e+00
1.748915433883666992e+00
9.593299627304077148e-01
0.000000000000000000e+00
0.000000000000000000e+00
0.000000000000000000e+00
0.000000000000000000e+00
0.000000000000000000e+00
0.000000000000000000e+00
0.000000000000000000e+00
0.000000000000000000e+00
0.000000000000000000e+00
2.152264833450317383e+00
3.118438720703125000e+00
0.000000000000000000e+00
0.000000000000000000e+00
8.504009842872619629e-01
0.000000000000000000e+00
0.000000000000000000e+00
-1.300498580932617188e+01
-2.639538955688476562e+01
-1.152805328369140625e+01
-1.570509815216064453e+01
-1.364916324615478516e+01
-2.965181350708007812e+00
-5.452691078186035156e+00
-1.882431030273437500e+01
-1.103393173217773438e+01
-1.211772727966308594e+01
